dimension 12
planes 2
A
non_zeros 144
0	0	114781.235961
1	0	-10895.7153843
2	0	-6365.30959138
3	0	47499.262974
4	0	820.14014698
5	0	5505.78096786
6	0	34911.1621971
7	0	3742.58337412
8	0	4292.31414408
9	0	45356.8969324
10	0	6332.99186316
11	0	-3432.78552056
0	1	-10895.7153843
1	1	111253.989972
2	1	5332.2009736
3	1	304.193389705
4	1	46804.6223038
5	1	-4748.53143488
6	1	7760.77484126
7	1	43556.9656471
8	1	-2945.29687754
9	1	2830.74715329
10	1	40932.9801417
11	1	2361.62733882
0	2	-6365.30959138
1	2	5332.2009736
2	2	105140.370892
3	2	1442.92282758
4	2	-1550.52689809
5	2	44278.8271192
6	2	5046.66718289
7	2	-1614.86300514
8	2	43604.9321453
9	2	-124.280419083
10	2	-2166.81107038
11	2	49524.4279074
0	3	47499.262974
1	3	304.193389705
2	3	1442.92282758
3	3	97758.1910844
4	3	-14.2713828437
5	3	-93.6588789261
6	3	49119.5642852
7	3	-189.672241467
8	3	-1189.81531814
9	3	48171.5397208
10	3	-100.249765394
11	3	-159.448630512
0	4	820.14014698
1	4	46804.6223038
2	4	-1550.52689809
3	4	-14.2713828437
4	4	97838.6133679
5	4	528.130798223
6	4	-668.575284211
7	4	49180.8420385
8	4	502.16287849
9	4	-137.293479925
10	4	48724.4803542
11	4	520.233221373
0	5	5505.78096786
1	5	-4748.53143488
2	5	44278.8271192
3	5	-93.6588789261
4	5	528.130798223
5	5	101428.511191
6	5	-4593.69124898
7	5	1084.73277878
8	5	51134.470428
9	5	-818.430839953
10	5	3135.66785788
11	5	45706.7493261
0	6	34911.1621971
1	6	7760.77484126
2	6	5046.66718289
3	6	49119.5642852
4	6	-668.575284211
5	6	-4593.69124898
6	6	108058.223858
7	6	-2007.00441077
8	6	-3371.21623515
9	6	50459.6077245
10	6	-5085.19514627
11	6	2918.24030125
0	7	3742.58337412
1	7	43556.9656471
2	7	-1614.86300514
3	7	-189.672241467
4	7	49180.8420385
5	7	1084.73277878
6	7	-2007.00441077
7	7	99579.8245037
8	7	744.155542479
9	7	-1545.90672188
10	7	50230.925875
11	7	-214.025316116
0	8	4292.31414408
1	8	-2945.29687754
2	8	43604.9321453
3	8	-1189.81531814
4	8	502.16287849
5	8	51134.470428
6	8	-3371.21623515
7	8	744.155542479
8	8	100396.378387
9	8	268.717409213
10	8	1698.97845657
11	8	47412.7771045
0	9	45356.8969324
1	9	2830.74715329
2	9	-124.280419083
3	9	48171.5397208
4	9	-137.293479925
5	9	-818.430839953
6	9	50459.6077245
7	9	-1545.90672188
8	9	268.717409213
9	9	98560.5136867
10	9	-1147.54695149
11	9	673.993849823
0	10	6332.99186316
1	10	40932.9801417
2	10	-2166.81107038
3	10	-100.249765394
4	10	48724.4803542
5	10	3135.66785788
6	10	-5085.19514627
7	10	50230.925875
8	10	1698.97845657
9	10	-1147.54695149
10	10	102660.171693
11	10	-2667.83524408
0	11	-3432.78552056
1	11	2361.62733882
2	11	49524.4279074
3	11	-159.448630512
4	11	520.233221373
5	11	45706.7493261
6	11	2918.24030125
7	11	-214.025316116
8	11	47412.7771045
9	11	673.993849823
10	11	-2667.83524408
11	11	99904.6037265
B
13126.6778341	345248.80856	24726.4626613	12381.935883	334217.683447	10845.5694808	27818.6018799	342690.898683	21130.9865282	16377.2585825	330023.557605	25514.9086261
P
0	-0.242535625036	-0.970142500145	0.485071250073
-0.840168022963	-0.242535644057	0.485071288114	0.485071288114
x0
0.0692695778309	1.46777225524	0.128503060197	-0.0332602232679	1.31991268319	-0.0696207688536	0.214525238093	1.50418946082	0.123952634794	0.0370965233392	1.27719848084	0.156286171056
