dimension 12
planes 2
A
non_zeros 144
0	0	119773.858219
1	0	5038.15804945
2	0	-10671.3218492
3	0	47563.5633348
4	0	1361.48385518
5	0	6260.77399392
6	0	37417.5953598
7	0	-7224.78255514
8	0	6844.17917615
9	0	37793.5411505
10	0	825.140650508
11	0	-2433.63132089
0	1	5038.15804945
1	1	103358.00075
2	1	-3200.45298509
3	1	322.907636077
4	1	48175.4975031
5	1	1608.49694297
6	1	-3540.23533314
7	1	43225.1798434
8	1	2781.01792509
9	1	-1820.83035239
10	1	47789.8799674
11	1	-1189.06188298
0	2	-10671.3218492
1	2	-3200.45298509
2	2	108285.396853
3	2	1615.54711101
4	2	-343.569968309
5	2	43007.9712476
6	2	5394.13579483
7	2	4576.34668926
8	2	41267.1547695
9	2	3661.63894333
10	2	-1032.32373586
11	2	49988.0351947
0	3	47563.5633348
1	3	322.907636077
2	3	1615.54711101
3	3	97733.0817518
4	3	-13.1663974907
5	3	-50.6462012662
6	3	49038.5558889
7	3	-121.962373218
8	3	-753.853745913
9	3	48213.3570888
10	3	-187.778865368
11	3	-811.047163833
0	4	1361.48385518
1	4	48175.4975031
2	4	-343.569968309
3	4	-13.1663974907
4	4	97871.9381542
5	4	726.454312811
6	4	-619.376268811
7	4	48163.7542845
8	4	-199.892812628
9	4	-728.94118888
10	4	48337.3681226
11	4	-182.991531874
0	5	6260.77399392
1	5	1608.49694297
2	5	43007.9712476
3	5	-50.6462012662
4	5	726.454312811
5	5	101146.536285
6	5	-2880.65760392
7	5	-2860.25391115
8	5	52194.61284
9	5	-3329.47018873
10	5	525.302655362
11	5	46199.4376917
0	6	37417.5953598
1	6	-3540.23533314
2	6	5394.13579483
3	6	49038.5558889
4	6	-619.376268811
5	6	-2880.65760392
6	6	102896.109111
7	6	3880.54651906
8	6	-3375.78160285
9	6	53196.2977043
10	6	279.065082894
11	6	862.303411938
0	7	-7224.78255514
1	7	43225.1798434
2	7	4576.34668926
3	7	-121.962373218
4	7	48163.7542845
5	7	-2860.25391115
6	7	3880.54651906
7	7	103139.586349
8	7	-3559.62717411
9	7	3466.1984093
10	7	48020.0375875
11	7	1843.534396
0	8	6844.17917615
1	8	2781.01792509
2	8	41267.1547695
3	8	-753.853745913
4	8	-199.892812628
5	8	52194.61284
6	8	-3375.78160285
7	8	-3559.62717411
8	8	102098.728182
9	8	-2714.54382739
10	8	978.502061647
11	8	46988.0622724
0	9	37793.5411505
1	9	-1820.83035239
2	9	3661.63894333
3	9	48213.3570888
4	9	-728.94118888
5	9	-3329.47018873
6	9	53196.2977043
7	9	3466.1984093
8	9	-2714.54382739
9	9	103345.362121
10	9	-916.426868033
11	9	2382.37507279
0	10	825.140650508
1	10	47789.8799674
2	10	-1032.32373586
3	10	-187.778865368
4	10	48337.3681226
5	10	525.302655362
6	10	279.065082894
7	10	48020.0375875
8	10	978.502061647
9	10	-916.426868033
10	10	98401.2723869
11	10	-471.480981146
0	11	-2433.63132089
1	11	-1189.06188298
2	11	49988.0351947
3	11	-811.047163833
4	11	-182.991531874
5	11	46199.4376917
6	11	862.303411938
7	11	1843.534396
8	11	46988.0622724
9	11	2382.37507279
10	11	-471.480981146
11	11	99373.0229056
B
-186360.231474	865285.79747	-103103.701241	-178897.144383	856838.524405	-116483.31556	-177266.422997	875853.648684	-109771.305504	-171421.427092	860386.127583	-103353.133556
P
0	-0.242535625036	-0.970142500145	0.485071250073
-0.840168022963	-0.242535644057	0.485071288114	0.485071288114
x0
-0.794718954053	3.60178980112	-0.400447450281	-0.742082905105	3.40880619665	-0.571619607359	-0.754481697818	3.74240065176	-0.435600162939	-0.641730708312	3.48201342411	-0.370503356028
