dimension 12
planes 10
A
non_zeros 144
0	0	105821.790769
1	0	2632.37761573
2	0	-8704.39225815
3	0	49723.1777196
4	0	851.528784653
5	0	1471.47708574
6	0	44431.5981931
7	0	-3396.67122893
8	0	4340.35118498
9	0	42571.9913827
10	0	-87.2351714571
11	0	2892.56398743
0	1	2632.37761573
1	1	103755.896228
2	1	-5955.4328442
3	1	1287.71585484
4	1	48135.922495
5	1	1343.41880366
6	1	-1460.96723507
7	1	42865.8848381
8	1	4460.53045123
9	1	-2459.12623551
10	1	47790.8545034
11	1	151.4835893
0	2	-8704.39225815
1	2	-5955.4328442
2	2	122417.818384
3	2	-3267.11878469
4	2	-908.045307679
5	2	40531.6719242
6	2	3076.96399253
7	2	8072.88572598
8	2	34436.2623672
9	2	8894.54705031
10	2	-1209.4075741
11	2	45162.8053886
0	3	49723.1777196
1	3	1287.71585484
2	3	-3267.11878469
3	3	98933.5158401
4	3	406.396498935
5	3	1699.02941716
6	3	48356.1110019
7	3	-1830.93102471
8	3	1934.67854203
9	3	45535.7535028
10	3	136.818670932
11	3	-366.589174511
0	4	851.528784653
1	4	48135.922495
2	4	-908.045307679
3	4	406.396498935
4	4	97886.7399
5	4	584.036801955
6	4	-617.438081624
7	4	48221.1703457
8	4	74.1748829323
9	4	-640.487201964
10	4	48304.7253237
11	4	249.833622792
0	5	1471.47708574
1	5	1343.41880366
2	5	40531.6719242
3	5	1699.02941716
4	5	584.036801955
5	5	100275.339472
6	5	-213.771427129
7	5	-2424.75897357
8	5	52875.9242868
9	5	-2956.73507578
10	5	497.303367954
11	5	48865.6223809
0	6	44431.5981931
1	6	-1460.96723507
2	6	3076.96399253
3	6	48356.1110019
4	6	-617.438081624
5	6	-213.771427129
6	6	99465.6482708
7	6	1243.29908112
8	6	-1454.4283832
9	6	50295.2005985
10	6	835.106235573
11	6	-1408.7641822
0	7	-3396.67122893
1	7	42865.8848381
2	7	8072.88572598
3	7	-1830.93102471
4	7	48221.1703457
5	7	-2424.75897357
6	7	1243.29908112
7	7	103370.447982
8	7	-5071.56621449
9	7	3984.30317252
10	7	48091.0548987
11	7	-576.560537919
0	8	4340.35118498
1	8	4460.53045123
2	8	34436.2623672
3	8	1934.67854203
4	8	74.1748829323
5	8	52875.9242868
6	8	-1454.4283832
7	8	-5071.56621449
8	8	105233.969038
9	8	-4820.60134382
10	8	536.860880323
11	8	50002.402372
0	9	42571.9913827
1	9	-2459.12623551
2	9	8894.54705031
3	9	45535.7535028
4	9	-640.487201964
5	9	-2956.73507578
6	9	50295.2005985
7	9	3984.30317252
8	9	-4820.60134382
9	9	104145.61258
10	9	-884.689735048
11	9	-1117.21063071
0	10	-87.2351714571
1	10	47790.8545034
2	10	-1209.4075741
3	10	136.818670932
4	10	48304.7253237
5	10	497.303367954
6	10	835.106235573
7	10	48091.0548987
8	10	536.860880323
9	10	-884.689735048
10	10	98361.9233385
11	10	175.243325828
0	11	2892.56398743
1	11	151.4835893
2	11	45162.8053886
3	11	-366.589174511
4	11	249.833622792
5	11	48865.6223809
6	11	-1408.7641822
7	11	-576.560537919
8	11	50002.402372
9	11	-1117.21063071
10	11	175.243325828
11	11	98517.7279228
B
-1545.98373375	441688.056768	1893.35298874	-3719.08750937	433716.868655	-14054.4265069	2138.79723884	452407.749619	-8484.7900917	10158.035708	437115.932016	-7329.18878465
P
0.730617055242	-0.429445978967	0.530824707167	0.858891957933
-0.279071042154	-0.42944600439	0.858892008779	0.858892008779
0.903092532902	-0.429446011759	0	0.858892023518
0.730617374016	-0.429446053451	-0.530824208153	0.858892106902
0.279070823251	-0.42944603284	-0.85889206568	0.85889206568
-0.279071042154	-0.42944600439	-0.858892008779	0.858892008779
-0.730617055242	-0.429445978967	-0.530824707167	0.858891957933
-0.903092532902	-0.429446011759	0	0.858892023518
0.279071042154	-0.42944600439	0.858892008779	0.858892008779
-0.730617055242	-0.429445978967	0.530824707167	0.858891957933
x0
-0.0149252193096	1.85764353849	0.0450093459139	-0.0780472881825	1.67025344967	-0.138819238894	0.000428574314055	1.99873400543	0.000434329021323	0.12285321196	1.74164897257	-0.0266234977163
